20180208.024949  58157.1179248148  -2.509
20180208.024956  58157.1180035185  -7.190
20180208.024959  58157.1180405556  -0.377
20180208.025010  58157.1181736574  -1.122
20180208.025013  58157.1182049074  -0.008
20180208.025038  58157.1184954167   1.992
20180208.025136  58157.1191655556   0.157
20180208.025146  58157.1192836111  -9.342
20180208.025154  58157.1193796759   0.609
20180208.025156  58157.1193981944  -5.122
20180208.025209  58157.1195532870  -4.692
20180208.025256  58157.1200937963  -2.014
20180208.025256  58157.1200961111  -1.338
20180208.025311  58157.1202650926  -1.798
20180208.025324  58157.1204155556  -8.278
20180208.025328  58157.1204595370  -8.537
20180208.025329  58157.1204792130  -4.658
20180208.025338  58157.1205787500  -0.825
20180208.025350  58157.1207176389  -1.232
20180208.025351  58157.1207315278  -4.644
20180208.025353  58157.1207465741  -4.589
20180208.025355  58157.1207708796  -2.388
20180208.025355  58157.1207743519  -2.894
20180208.025405  58157.1208958796   2.437
20180208.025420  58157.1210683333  -3.828
20180208.025422  58157.1210880093  -5.666
20180208.025422  58157.1210903241  -3.057
20180208.025424  58157.1211134722  -6.735
20180208.025437  58157.1212650926  -5.383
20180208.025509  58157.1216331481  -2.072
20180208.025513  58157.1216771296  -6.468
20180208.025549  58157.1220891667  -5.044
20180208.025553  58157.1221366204  -5.166
20180208.025618  58157.1224306018  -0.501
20180208.025623  58157.1224931019  -1.224
20180208.025636  58157.1226354630  -0.854
20180208.025639  58157.1226678704   0.953
20180208.025651  58157.1228137037  -6.735
20180208.025744  58157.1234248148   1.382
20180208.025756  58157.1235625463   0.171
20180208.025809  58157.1237153241  -0.060
20180208.025825  58157.1239051389 -10.519
20180208.025828  58157.1239340741  -5.849
20180208.025847  58157.1241586111  -5.780
20180208.025917  58157.1244965741  -6.215
20180208.025927  58157.1246227315  -4.472
20180208.025942  58157.1247882407  -8.710
20180208.025958  58157.1249768982  -3.057
20180208.025959  58157.1249850000  -7.157
20180208.030023  58157.1252697222  -3.252
20180208.030049  58157.1255637037  -5.401
20180208.030056  58157.1256424074  -8.447
20180208.030059  58157.1256806019  -9.623
20180208.030102  58157.1257141667  -2.669
20180208.030106  58157.1257662500  -6.052
20180208.030351  58157.1276690278  -2.621
20180208.030359  58157.1277627778  -5.642
20180208.030359  58157.1277697222  -3.334
20180208.030440  58157.1282350000  -4.188
20180208.030451  58157.1283727315  -3.058
20180208.030505  58157.1285278241  -4.203
20180208.030523  58157.1287419444  -6.007
20180208.030534  58157.1288681018  -2.869
20180208.030619  58157.1293912500  -3.528
20180208.030620  58157.1293935648  -4.520
20180208.030655  58157.1298044444  -6.243
20180208.030803  58157.1305880093  -5.493
20180208.030804  58157.1305961111  -4.512
20180208.030834  58157.1309502778  -6.031
20180208.030940  58157.1317153241  -6.640
20180208.030945  58157.1317731944  -6.629
20180208.030949  58157.1318125463  -5.331
20180208.030959  58157.1319340741  -7.495
20180208.031005  58157.1319988889  -7.266
20180208.031021  58157.1321840741  -3.730
20180208.031043  58157.1324410185  -2.838
20180208.031056  58157.1325949537  -2.495
20180208.031056  58157.1325972685  -2.547
20180208.031057  58157.1326030556 -17.963
20180208.031110  58157.1327535185  -4.168
20180208.031141  58157.1331134722  -0.578
20180208.031207  58157.1334167130   2.278
20180208.031216  58157.1335208796  -5.582
20180208.031217  58157.1335324537  -1.558
20180208.031219  58157.1335509722  -3.361
20180208.031219  58157.1335544444  -1.435
20180208.031230  58157.1336806019  -0.189
20180208.031230  58157.1336817593  -7.117
20180208.031235  58157.1337407870  -0.500
20180208.031237  58157.1337604630   4.539
20180208.031242  58157.1338137037  -3.188
20180208.031251  58157.1339213426  -1.208
20180208.031252  58157.1339387037  -0.172
20180208.031255  58157.1339676389  -1.842
20180208.031302  58157.1340532870   1.580
20180208.031314  58157.1341875463  -3.528
20180208.031318  58157.1342407870  -6.623
20180208.031342  58157.1345162500  -3.127
20180208.031346  58157.1345625463  -0.072
20180208.031355  58157.1346678704   3.157
20180208.031409  58157.1348241204   0.447
20180208.031427  58157.1350336111  -1.854
20180208.031432  58157.1350972685  -4.215
20180208.031434  58157.1351123148   1.852
20180208.031453  58157.1353310648   0.262
20180208.031504  58157.1354676389   1.101
20180208.031515  58157.1355949537   2.368
20180208.031522  58157.1356678704  -1.233
20180208.031522  58157.1356701852  -4.027
20180208.031528  58157.1357407870   2.070
20180208.031534  58157.1358056019  -3.714
20180208.031556  58157.1360660185  -4.978
20180208.031601  58157.1361204167  -3.394
20180208.031610  58157.1362211111  -1.393
20180208.031612  58157.1362512037  -2.665
20180208.031622  58157.1363646296  -2.426
20180208.031625  58157.1363981944  -1.039
20180208.031626  58157.1364155556  -4.879
20180208.031628  58157.1364317593  -2.296
20180208.031636  58157.1365301389  -6.233
20180208.031644  58157.1366227315  -0.434
20180208.031652  58157.1367153241  -7.274
20180208.031704  58157.1368565278  -4.199
20180208.031709  58157.1369062963  -4.734
20180208.031713  58157.1369502778  -0.898
20180208.031729  58157.1371424074  -3.944
20180208.031731  58157.1371690278  -5.291
20180208.031741  58157.1372755093   0.430
20180208.031742  58157.1372940278  -3.716
20180208.031745  58157.1373264352  -1.488
20180208.031751  58157.1373993519  -4.229
20180208.031754  58157.1374294444   3.029
20180208.031754  58157.1374352315  -5.629
20180208.031813  58157.1376481944  -1.797
20180208.031814  58157.1376562963   2.027
20180208.031814  58157.1376574537  -1.858
20180208.031817  58157.1376910185  -1.107
20180208.031827  58157.1378137037  -3.987
20180208.031839  58157.1379502778  -3.335
20180208.031840  58157.1379630093   3.228
20180208.031852  58157.1380961111  -0.170
20180208.031854  58157.1381296759  -1.469
20180208.031905  58157.1382488889  -0.955
20180208.031909  58157.1383009722  -2.512
20180208.031914  58157.1383600000  -2.344
20180208.031926  58157.1384896296  -1.004
20180208.031933  58157.1385775926   2.127
20180208.031934  58157.1385891667   4.313
20180208.031935  58157.1386030556   1.253
20180208.031939  58157.1386493519   3.232
20180208.031950  58157.1387743518  -0.401
20180208.031958  58157.1388692593  -3.191
20180208.032000  58157.1388854630  -4.417
20180208.032000  58157.1388889352   0.460
20180208.032001  58157.1388993518  -0.881
20180208.032011  58157.1390197222  -2.241
20180208.032015  58157.1390567593  -4.468
20180208.033338  58157.1483588426  -0.280
20180208.033339  58157.1483623148   4.469
20180208.033343  58157.1484155556   1.846
20180208.033401  58157.1486227315  -3.722
20180208.033408  58157.1487002778  -5.824
20180208.033417  58157.1488102315  -0.259
20180208.033418  58157.1488183333   1.581
20180208.033421  58157.1488542130   2.582
20180208.033426  58157.1489155556   0.328
20180208.033430  58157.1489618519  -2.347
20180208.033447  58157.1491586111  -1.744
20180208.033452  58157.1492095370  -1.738
20180208.033453  58157.1492292130   2.741
20180208.033455  58157.1492488889  -2.285
20180208.033456  58157.1492639352   2.700
20180208.033505  58157.1493588426   0.544
20180208.033508  58157.1493947222   3.279
20180208.033513  58157.1494572222  -3.538
20180208.033514  58157.1494676389   0.796
20180208.033515  58157.1494745833   2.647
20180208.033516  58157.1494954167   2.282
20180208.033518  58157.1495150926   0.473
20180208.033528  58157.1496250463   3.428
20180208.033531  58157.1496620833  -2.429
20180208.033554  58157.1499340741  -2.021
20180208.033555  58157.1499387037   4.545
20180208.033558  58157.1499780556   3.405
20180208.034211  58157.1542975000   5.519
20180208.034217  58157.1543576852   5.897
20180208.034423  58157.1558241204   0.124
20180208.034427  58157.1558657870   0.946
20180208.034435  58157.1559560648   4.532
20180208.034724  58157.1579178704   4.264
20180208.034738  58157.1580787500   1.552
20180208.034748  58157.1581910185   1.221
20180208.034815  58157.1585116204   7.695
20180208.034816  58157.1585150926   2.813
20180208.034819  58157.1585509722   2.636
20180208.034837  58157.1587639352   3.496
20180208.034850  58157.1589086111   2.381
20180208.034852  58157.1589306019   2.079
20180208.034902  58157.1590509722   1.744
20180208.034902  58157.1590556018   3.843
20180208.034903  58157.1590671759   2.114
20180208.034906  58157.1590961111  -1.443
20180209.032830  58158.1447928704 -41.002
20180209.033739  58158.1511505093  -5.729
20180209.033812  58158.1515243519  -6.861
20180209.033819  58158.1516123148  -9.316
20180209.033836  58158.1518056019  -3.720
20180209.033843  58158.1518808333  -5.252
20180209.033907  58158.1521678704  -7.133
20180209.033925  58158.1523715741  -7.550
20180209.033933  58158.1524687963  -9.976
20180209.033951  58158.1526748148  -7.694
20180209.033953  58158.1526991204  -3.353
20180209.034018  58158.1529826852  -8.718
20180209.034038  58158.1532130093  -2.958
20180209.034044  58158.1532917130  -4.125
20180209.034056  58158.1534201852  -6.528
20180209.034058  58158.1534537500  -5.614
20180209.034106  58158.1535428704  -6.611
20180209.034124  58158.1537523611  -8.420
20180209.034228  58158.1544850000 -11.514
20180209.034249  58158.1547384722  -7.009
20180209.034255  58158.1548044444  -8.431
20180209.034340  58158.1553275926  -6.921
20180209.034341  58158.1553333796  -3.838
20180209.034442  58158.1560405556  -7.973
20180209.034519  58158.1564664815  -5.160
20180209.034528  58158.1565752778 -10.104
20180209.034529  58158.1565845370  -5.260
20180209.034543  58158.1567419444  -5.866
20180209.034604  58158.1569942593  -8.409
20180209.034631  58158.1573021296  -8.521
20180209.034636  58158.1573623148  -5.627
20180209.034806  58158.1583993519  -9.547
20180209.034809  58158.1584398611  -5.542
20180209.034810  58158.1584433333  -0.634
20180209.034825  58158.1586169444  -6.833
20180209.034853  58158.1589502778  -9.400
20180209.034855  58158.1589699537  -7.165
20180209.034917  58158.1592292130 -12.370
20180209.034939  58158.1594826852  -7.593
20180209.034952  58158.1596308333  -6.859
20180209.035015  58158.1598993518  -1.181
20180209.035020  58158.1599537500  -3.654
20180209.035051  58158.1603102315  -8.915
20180209.035114  58158.1605833796  -1.555
20180209.035116  58158.1606030556  -6.345
20180209.035129  58158.1607523611 -10.084
20180209.035141  58158.1608924074  -6.557
20180209.035147  58158.1609572222  -4.748
20180209.035213  58158.1612593056  -2.818
20180209.035218  58158.1613171759  -6.053
20180209.035234  58158.1614988889  -3.860
20180209.035238  58158.1615532870  -2.465
20180209.035253  58158.1617222685  -8.739
20180209.035304  58158.1618553704  -8.403
20180209.035325  58158.1620972685  -1.040
20180209.035350  58158.1623877778  -3.401
20180209.035356  58158.1624479630  -4.257
20180209.035418  58158.1627060648  -9.574
20180209.035429  58158.1628310648  -5.436
20180209.035455  58158.1631343056  -4.499
20180209.035456  58158.1631470370  -7.836
20180209.035535  58158.1635949537  -5.698
20180209.035644  58158.1643970370  -7.459
20180209.035714  58158.1647465741  -6.248
20180209.035724  58158.1648565278  -9.411
20180209.035754  58158.1652037500  -2.627
20180209.035756  58158.1652326852  -2.910
20180209.035758  58158.1652593056  -3.620
20180209.035759  58158.1652708796  -7.686
20180209.035802  58158.1652986574   3.303
20180209.035813  58158.1654317593   5.500
20180209.035823  58158.1655475000  -6.012
20180209.040229  58158.1683900926  -3.752
20180209.040240  58158.1685197222  -5.400
20180209.040250  58158.1686377778  -2.032
20180209.040308  58158.1688426389  -5.093
20180209.040334  58158.1691389352  -5.834
20180209.040334  58158.1691424074  -8.537
20180209.040345  58158.1692755093  -2.202
20180209.040347  58158.1692928704  -3.434
20180209.040409  58158.1695498148  -5.114
20180209.040436  58158.1698623148  -6.027
20180209.040450  58158.1700197222  -4.183
20180209.040508  58158.1702292130  -8.234
20180209.040601  58158.1708437963  -6.402
20180209.040627  58158.1711458796  -0.538
20180209.040638  58158.1712778241  -9.236
20180209.040656  58158.1714768981  -1.433
20180209.040659  58158.1715208796  -4.068
20180209.040725  58158.1718171759  -7.722
20180209.040747  58158.1720752778  -2.271
20180209.040800  58158.1722222685  -8.934
20180209.040829  58158.1725567593  -5.775
20180209.040858  58158.1728935648  -6.235
20180209.040859  58158.1729005093  -2.619
20180209.040935  58158.1733241204  -5.226
20180209.040936  58158.1733345370  -4.796
20180209.040939  58158.1733715741  -4.492
20180209.041009  58158.1737095370  -7.349
20180209.041023  58158.1738727315  -5.742
20180209.041032  58158.1739768981  -2.339
20180209.041053  58158.1742211111  -7.281
20180209.041149  58158.1748669444  -6.547
20180209.041151  58158.1748993518  -4.235
20180209.041154  58158.1749259722  -3.929
20180209.041233  58158.1753796759  -3.930
20180209.041243  58158.1755012037  -5.724
20180209.041252  58158.1756007407  -9.306
20180209.041300  58158.1756898611  -7.016
20180209.041327  58158.1760081481  -1.816
20180209.041330  58158.1760382407  -2.398
20180209.041335  58158.1761030556  -1.714
20180209.041338  58158.1761308333  -4.977
20180209.041417  58158.1765822222  -1.334
20180209.041446  58158.1769155556  -5.108
20180209.041446  58158.1769236574  -2.979
20180209.041502  58158.1771100000  -6.616
20180209.041510  58158.1771956481  -7.364
20180209.041513  58158.1772292130  -6.626
20180209.041516  58158.1772708796   0.069
20180209.041517  58158.1772789815  -0.191
20180209.041552  58158.1776898611  -0.589
20180209.041553  58158.1777002778  -2.825
20180209.041601  58158.1777928704  -1.997
20180209.041625  58158.1780671759  -2.226
20180209.041627  58158.1780845370  -3.739
20180209.041648  58158.1783356944  -7.399
20180209.041708  58158.1785671759  -2.907
20180209.041739  58158.1789190278  -5.566
20180209.041804  58158.1792118518  -0.745
20180209.041815  58158.1793437963  -0.450
20180209.041820  58158.1793924074  -1.281
20180209.041828  58158.1794884722  -4.593
20180209.041847  58158.1797118519  -3.790
20180209.041901  58158.1798727315  -0.334
20180209.041903  58158.1798993519  -0.950
20180209.041905  58158.1799225000  -1.334
20180209.041909  58158.1799664815  -1.336
20180209.041911  58158.1799861574   1.027
20180209.041934  58158.1802535185   0.865
20180209.042021  58158.1807940278  -2.663
20180209.042058  58158.1812257407  -3.065
20180209.042101  58158.1812627778  -3.390
20180209.042103  58158.1812824537  -2.219
20180209.042105  58158.1813021296  -0.194
20180209.042105  58158.1813056019  -4.119
20180209.042111  58158.1813773611  -4.310
20180209.042128  58158.1815694907  -4.294
20180209.042215  58158.1821181019   2.387
20180209.042234  58158.1823345370  -3.461
20180209.042255  58158.1825787500  -1.202
20180209.042317  58158.1828345370  -5.755
20180209.042321  58158.1828866204  -0.704
20180209.042330  58158.1829861574  -3.470
20180209.042336  58158.1830556019  -2.788
20180209.042412  58158.1834768981  -1.781
20180209.042417  58158.1835278241  -1.070
20180209.042432  58158.1837014352  -3.940
20180209.042455  58158.1839676389  -2.647
20180209.042455  58158.1839722685  -4.207
20180209.042502  58158.1840451852  -2.157
20180209.042525  58158.1843183333   6.134
20180209.042530  58158.1843715741  -4.470
20180209.042536  58158.1844398611  -1.641
20180209.042612  58158.1848565278  -3.694
20180209.042613  58158.1848704167  -5.138
20180209.042613  58158.1848715741  -0.339
20180209.042618  58158.1849271296  -2.149
20180209.042622  58158.1849734259   0.136
20180209.042642  58158.1852049074  -3.870
20180209.042659  58158.1854062963   1.225
20180209.042706  58158.1854826852  -3.336
20180209.042707  58158.1855023611  -0.757
20180209.042805  58158.1861643981  -2.592
20180209.042823  58158.1863750463  -2.706
20180209.042856  58158.1867569907  -2.137
20180209.042907  58158.1868900926   1.727
20180209.043010  58158.1876123148  -2.987
20180209.043017  58158.1876968056   0.784
20180209.043024  58158.1877824537   2.019
20180209.043049  58158.1880706481   2.340
20180209.043059  58158.1881817593  -3.164
20180209.043103  58158.1882280556   2.241
20180209.043208  58158.1889757407  -2.857
20180209.043210  58158.1890046759  -4.742
20180209.043252  58158.1894931019   0.138
20180209.043310  58158.1897014352   2.809
20180209.043313  58158.1897303704   0.306
20180209.043318  58158.1897940278  -3.956
20180209.043326  58158.1898819907  -1.210
20180209.043403  58158.1903067593  -4.480
20180209.043419  58158.1904942593   0.379
20180209.043425  58158.1905671759   4.336
